0
2
3
4
5
6
7
8
10
11
12
14
15
17
19
20
21
23
25
26
27
29
30
32
35
36
37
38
40
41
42
43
44
46
47
48
49
50
51
52
53
54
55
56
57
60
62
63
64
65
66
67
68
69
70
71
72
75
76
77
79
80
81
84
85
86
87
89
90
91
92
93
94
95
96
97
98
99
100
102
103
104
105
106
107
109
112
113
114
116
117
119
120
121
122
123
124
125
126
127
128
130
131
132
133
135
136
139
140
141
142
143
144
145
146
147
148
149
150
152
153
154
156
157
158
159
160
161
162
163
164
165
166
167
169
170
171
172
173
174
175
176
177
179
180
181
182
183
184
185
186
187
190
191
192
193
194
195
196
198
200
201
202
203
204
205
206
208
210
212
213
214
215
216
218
221
222
224
225
226
227
228
229
230
231
232
233
235
236
237
240
242
246
247
248
250
255
258
259
261
262
264
266
269
270
271
273
275
276
277
278
279
280
282
283
286
287
288
291
292
293
294
296
297
298
300
301
306
307
308
309
310
312
313
314
315
317
320
322
323
324
325
326
327
329
330
331
332
333
334
335
337
341
342
343
344
345
346
347
348
349
350
351
352
353
354
355
356
357
359
360
361
363
365
366
367
368
369
371
373
374
376
377
379
380
381
382
383
384
387
389
390
391
394
395
396
397
398
400
403
404
405
407
408
409
410
412
414
416
418
419
420
421
422
423
424
425
426
427
428
429
431
432
435
439
442
443
445
446
447
449
450
451
452
453
454
455
456
458
460
461
463
465
466
467
470
471
473
475
477
478
479
480
481
482
483
484
485
486
487
489
493
496
497
498
499
501
503
504
506
507
508
509
510
511
514
515
516
517
518
519
520
523
524
525
526
528
529
531
533
534
535
537
538
540
541
542
543
548
549
550
551
553
554
555
556
557
558
560
561
564
565
567
568
569
571
572
573
574
577
578
579
580
581
584
585
586
587
591
592
593
594
595
597
598
600
601
602
603
604
605
606
608
610
611
612
613
614
615
617
619
620
621
622
623
624
625
626
627
629
631
632
633
634
635
636
637
639
642
644
645
646
647
648
649
651
652
653
654
655
656
657
658
660
662
663
668
670
671
672
673
675
676
677
678
681
683
684
685
686
688
689
694
695
696
697
698
699
702
704
707
708
709
710
711
712
714
716
718
719
720
721
723
724
725
726
727
730
731
734
736
737
739
741
742
743
744
747
748
750
753
754
756
757
759
760
761
762
763
765
766
767
769
770
771
775
776
777
780
782
783
784
785
786
787
788
789
790
791
793
798
799
800
801
803
804
806
808
809
810
811
812
813
814
815
816
817
818
819
820
822
823
824
827
828
829
830
831
832
833
834
835
836
842
846
847
848
849
850
852
853
854
856
858
859
860
861
863
864
865
866
867
869
872
873
875
877
879
880
881
882
884
885
886
887
891
892
893
894
896
897
898
899
900
905
906
907
908
910
911
912
916
917
919
921
925
927
930
932
933
934
935
936
937
938
939
941
942
944
945
946
947
948
950
951
952
953
954
955
956
957
958
959
961
962
963
964
967
968
970
971
973
977
978
979
982
983
984
985
987
988
990
991
995
997
998
999
1000
1001
1002
1004
1006
1007
1010
1012
1013
1015
1017
1021
1022
1023
1026
1029
1030
1034
1035
1036
1037
1038
1040
1041
1042
1043
1044
1045
1046
1047
1048
1049
1050
1051
1052
1053
1054
1055
1057
1061
1063
1064
1066
1067
1068
1069
1072
1073
1074
1075
1076
1079
1081
1083
1084
1085
1086
1087
1088
1092
1093
1094
1095
1096
1097
1098
1101
1102
1103
1105
1109
1110
1111
1113
1116
1117
1118
1120
1121
1122
1123
1124
1125
1126
1130
1132
1134
1135
1138
1139
1141
1142
1144
1145
1147
1148
1149
1151
1152
1155
1156
1157
1158
1159
1160
1161
1162
1163
1165
1166
1167
1168
1169
1172
1173
1175
1176
1177
1178
1179
1182
1184
1185
1186
1188
1189
1190
1191
1192
1193
1194
1195
1197
1198
1199
1200
1202
1203
1204
1208
1210
1211
1220
1221
1222
1225
1226
1227
1231
1232
1234
1237
1238
1239
1240
1241
1245
1247
1249
1250
1252
1253
1254
1255
1257
1258
1259
1260
1262
1263
1266
1268
1269
1270
1272
1273
1275
1277
1279
1282
1283
1288
1289
1290
1294
1296
1297
1299
1300
1301
1302
1303
1305
1306
1308
1309
1310
1311
1312
1313
1314
1315
1316
1317
1319
1321
1322
1323
1325
1326
1327
1329
1330
1332
1333
1334
1335
1336
1338
1339
1343
1346
1348
1351
1352
1354
1355
1356
1358
1359
1360
1363
1365
1367
1370
1371
1372
1373
1375
1376
1381
1382
1385
1386
1387
1389
1391
1392
1393
1394
1396
1397
1398
1399
1400
1401
1402
1404
1405
1406
1407
1408
1409
1410
1411
1412
1415
1416
1417
1418
1419
1421
1422
1426
1427
1429
1430
1431
1432
1433
1434
1435
1436
1437
1438
1439
1440
1443
1444
1445
1446
1447
1449
1450
1451
1453
1454
1457
1459
1461
1462
1464
1465
1467
1468
1471
1473
1475
1478
1479
1480
1481
1482
1483
1484
1488
1489
1490
1492
1494
1495
1496
1497
1499
1500
1503
1504
1505
1506
1507
1508
1509
1515
1516
1517
1519
1521
1522
1523
1527
1528
1529
1530
1533
1538
1541
1543
1545
1546
1548
1549
1551
1552
1553
1554
1555
1556
1557
1559
1563
1565
1567
1569
1571
1572
1573
1574
1575
1576
1577
1580
1581
1582
1584
1587
1590
1591
1592
1595
1596
1597
1598
1599
1601
1602
1605
1607
1608
1609
1612
1613
1615
1616
1618
1619
1621
1623
1624
1627
1628
1630
1632
1633
1636
1637
1639
1640
1642
1644
1645
1646
1647
1648
1649
1652
1653
1654
1656
1659
1662
1666
1671
1672
1673
1674
1676
1678
1682
1683
1684
1685
1691
1694
1695
1696
1699
1700
1702
1703
1704
1705
1706
1707
1708
1709
1710
1711
1713
1714
1716
1717
1718
1719
1720
1721
1722
1723
1724
1725
1726
1728
1732
1733
1734
1736
1741
1742
1744
1746
1747
1749
1750
1751
1752
1753
1754
1758
1759
1760
1761
1762
1765
1767
1769
1771
1772
1773
1774
1775
1776
1777
1778
1780
1781
1783
1785
1786
1788
1790
1792
1794
1795
1796
1802
1803
1804
1806
1807
1809
1811
1812
1816
1817
1821
1822
1824
1826
1827
1829
1830
1831
1832
1833
1835
1836
1838
1840
1847
1849
1852
1853
1856
1857
1858
1859
1861
1863
1865
1868
1869
1872
1877
1879
1881
1882
1883
1884
1885
1886
1887
1889
1890
1891
1892
1896
1897
1898
1899
1900
1901
1902
1903
1905
1907
1909
1912
1914
1915
1916
1918
1919
1920
1921
1923
1925
1926
1927
1928
1929
1930
1932
1933
1934
1935
1936
1937
1938
1939
1941
1942
1943
1944
1945
1946
1949
1951
1952
1953
1955
1957
1958
1960
1963
1965
1967
1969
1970
1971
1972
1973
1976
1978
1981
1982
1985
1988
1990
1993
1995
1997
1998
2000
2002
2003
2004
2005
2006
2007
2009
2011
2012
2013
2014
2016
2017
2019
2020
2021
2022
2023
2024
2026
2028
2029
2030
2031
2032
2033
2035
2036
2037
2041
2042
2044
2046
2047
2049
2050
2052
2054
2055
2056
2057
2060
2061
2062
2063
2064
2067
2069
2070
2071
2072
2074
2075
2077
2079
2080
2081
2082
2083
2084
2086
2087
2088
2089
2090
2091
2092
2093
2095
2096
2097
2098
2100
2102
2103
2106
2107
2108
2114
2117
2119
2120
2122
2124
2126
2127
2128
2129
2130
2131
2132
2133
2135
2136
2139
2141
2142
2143
2144
2145
2146
2147
2148
2149
2150
2151
2152
2153
2154
2155
2156
2157
2158
2159
2161
2162
2163
2164
2167
2168
2169
2170
2171
2172
2173
2175
2176
2178
2179
2180
2182
2188
2190
2194
2195
2196
2197
2199
2201
2202
2205
2206
2209
2211
2212
2213
2214
2217
2219
2220
2222
2223
2224
2227
2228
2230
2231
2232
2233
2235
2236
2237
2238
2239
2240
2243
2245
2246
2247
2248
2250
2253
2254
2256
2260
2263
2265
2269
2270
2271
2273
2274
2276
2277
2278
2281
2285
2288
2289
2290
2291
2292
2293
2294
2297
2299
2302
2304
2305
2306
2308
2310
2311
2312
2313
2315
2316
2318
2319
2321
2323
2325
2326
2327
2328
2329
2333
2334
2335
2336
2338
2339
2341
2342
2344
2345
2346
2348
2350
2352
2354
2358
2359
2360
2361
2362
2363
2364
2366
2367
2371
2372
2373
2374
2375
2376
2377
2378
2379
2381
2382
2383
2384
2385
2386
2387
2389
2391
2392
2393
2394
2395
2396
2399
2401
2402
2403
2404
2405
2407
2410
2413
2415
2416
2420
2425
2426
2427
2429
2431
2432
2434
2435
2436
2438
2439
2440
2442
2443
2444
2445
2450
2451
2453
2454
2455
2456
2457
2458
2459
2461
2465
2468
2469
2470
2472
2475
2478
2481
2484
2488
2490
2491
2492
2496
2502
2503
2504
2505
2506
2507
2510
2512
2513
2514
2515
2516
2517
2519
2521
2523
2527
2530
2531
2533
2535
2536
2537
2539
2540
2543
2545
2546
2548
2549
2550
2551
2553
2555
2556
2557
2558
2561
2562
2563
2565
2566
2568
2571
2572
2575
2577
2578
2581
2582
2583
2584
2585
2589
2591
2592
2593
2594
2598
2599
2600
2602
2603
2604
2605
2607
2608
2609
2613
2617
2619
2620
2621
2622
2624
2625
2627
2629
2631
2632
2633
2634
2636
2637
2638
2640
2641
2642
2646
2647
2648
2649
2650
2652
2653
2655
2656
2657
2659
2660
2664
2665
2666
2668
2669
2673
2677
2678
2679
2680
2681
2683
2687
2688
2689
2690
2691
2692
2697
2699
2700
2704
2707
2710
2711
2712
2713
2714
2715
2718
2721
2722
2723
2724
2727
2728
2729
2730
2731
2732
2735
2736
2737
2738
2742
2743
2748
2749
2750
2751
2752
2753
2754
2755
2756
2757
2758
2761
2762
2763
2764
2765
2766
2767
2769
2770
2773
2775
2776
2780
2782
2784
2785
2786
2792
2793
2795
2797
2799
2800
2801
2802
2804
2807
2812
2814
2816
2819
2820
2822
2824
2825
2827
2828
2829
2830
2832
2833
2835
2836
2838
2840
2843
2844
2845
2847
2848
2850
2851
2852
2853
2854
2855
2856
2857
2858
2860
2861
2862
2863
2865
2866
2867
2868
2870
2874
2875
2876
2877
2878
2882
2883
2885
2888
2893
2894
2896
2898
2899
2900
2901
2903
2906
2909
2911
2912
2914
2915
2916
2918
2922
2923
2924
2925
2926
2928
2931
2932
2933
2934
2936
2937
2940
2942
2943
2947
2948
2949
2950
2951
2953
2954
2956
2957
2958
2960
2961
2963
2964
2965
2966
2970
2972
2973
2974
2975
2977
2978
2979
2980
2981
2982
2983
2984
2985
2986
2987
2988
2989
2991
2993
2994
2995
2996
2997
2998
2999
3002
3005
3006
3009
3011
3013
3014
3015
3016
3018
3023
3024
3025
3029
3030
3032
3033
3034
3036
3041
3042
3043
3044
3045
3046
3047
3050
3051
3054
3056
3057
3062
3063
3065
3067
3069
3070
3071
3072
3073
3078
3079
3082
3083
3085
3087
3088
3090
3100
3101
3102
3104
3105
3106
3108
3113
3115
3116
3117
3120
3122
3123
3125
3127
3130
3131
3132
3133
3134
3135
3136
3137
3138
3139
3140
3141
3142
3143
3144
3145
3146
3148
3149
3150
3155
3157
3160
3161
3165
3166
3169
3172
3175
3176
3178
3179
3180
3181
3183
3184
3185
3186
3187
3188
3189
3190
3191
3192
3193
3195
3196
3198
3200
3201
3202
3205
3207
3208
3209
3211
3214
3215
3216
3218
3220
3221
3222
3223
3224
3225
3227
3229
3230
3231
3232
3235
3236
3237
3240
3241
3243
3244
3248
3249
3250
3253
3255
3256
3258
3261
3264
3265
3266
3268
3270
3272
3273
3274
3275
3276
3280
3281
3282
3283
3284
3285
3287
3289
3290
3291
3292
3293
3296
3298
3300
3301
3302
3303
3304
3306
3307
3313
3314
3315
3316
3317
3319
3321
3323
3324
3325
3328
3329
3330
3331
3332
3333
3334
3339
3340
3345
3346
3347
3349
3351
3353
3354
3355
3356
3357
3360
3363
3365
3367
3369
3370
3371
3372
3373
3374
3376
3377
3378
3379
3380
3381
3382
3384
3385
3386
3387
3388
3389
3390
3391
3392
3397
3399
3400
3402
3403
3404
3405
3406
3407
3408
3409
3414
3415
3417
3421
3423
3424
3425
3426
3427
3428
3431
3436
3439
3442
3443
3445
3446
3447
3449
3451
3452
3453
3454
3464
3467
3471
3472
3474
3476
3477
3478
3479
3481
3483
3484
3485
3486
3487
3488
3491
3492
3493
3494
3498
3499
3503
3507
3508
3510
3511
3513
3515
3517
3518
3519
3520
3521
3522
3523
3524
3525
3527
3528
3535
3537
3538
3539
3543
3547
3548
3549
3551
3553
3556
3559
3560
3562
3564
3567
3568
3570
3571
3574
3575
3578
3580
3583
3584
3588
3589
3590
3592
3593
3596
3601
3603
3604
3606
3607
3608
3609
3614
3615
3616
3618
3620
3622
3623
3627
3628
3629
3630
3631
3632
3634
3635
3636
3637
3640
3646
3647
3648
3649
3650
3651
3652
3653
3654
3655
3656
3657
3658
3659
3660
3662
3663
3664
3666
3667
3670
3671
3672
3673
3674
3677
3679
3680
3682
3683
3685
3687
3688
3689
3690
3693
3694
3695
3698
3699
3700
3702
3703
3704
3707
3708
3709
3710
3711
3712
3713
3714
3717
3718
3720
3721
3722
3724
3725
3730
3731
3732
3733
3734
3735
3736
3738
3739
3740
3741
3745
3747
3749
3754
3757
3760
3762
3763
3764
3765
3766
3767
3768
3769
3771
3775
3777
3778
3779
3782
3783
3786
3787
3788
3792
3793
3794
3795
3796
3798
3800
3801
3804
3807
3810
3811
3812
3813
3814
3815
3817
3818
3820
3822
3823
3826
3827
3828
3829
3830
3831
3833
3834
3835
3836
3837
3838
3841
3843
3845
3846
3847
3848
3849
3850
3852
3853
3854
3855
3857
3859
3860
3869
3870
3871
3873
3874
3877
3878
3882
3883
3885
3886
3888
3892
3893
3894
3898
3899
3900
3903
3905
3906
3907
3909
3913
3915
3916
3917
3919
3920
3921
3922
3923
3924
3925
3926
3927
3929
3930
3932
3933
3935
3936
3937
3938
3940
3944
3947
3949
3950
3951
3952
3954
3957
3959
3960
3961
3962
3966
3967
3968
3969
3971
3972
3974
3976
3978
3979
3980
3981
3986
3988
3990
3993
3994
3998
3999
4000
4004
4005
4008
4009
4012
4014
4015
4022
4023
4024
4026
4027
4031
4035
4036
4038
4039
4042
4043
4047
4048
4049
4053
4054
4056
4059
4061
4063
4064
4068
4069
4071
4073
4077
4080
4084
4086
4087
4089
4092
4094
4097
4099
4101
4102
4103
4108
4110
4111
4112
4113
4114
4115
4116
4117
4118
4119
4120
4121
4122
4123
4124
4127
4129
4130
4133
4134
4135
4138
4139
4140
4141
4143
4144
4145
4146
4147
4152
4154
4155
4157
4158
4159
4160
4161
4163
4164
4166
4167
4168
4169
4170
4171
4172
4173
4174
4175
4176
4177
4178
4179
4180
4182
4184
4186
4187
4188
4189
4190
4191
4192
4193
4194
4195
4196
4197
4198
4200
4203
4204
4206
4207
4208
4209
4213
4214
4215
4216
4218
4220
4221
4222
4223
4224
4229
4232
4235
4236
4237
4239
4244
4245
4246
4250
4251
4252
4255
4257
4260
4261
4262
4264
4265
4266
4267
4270
4271
4272
4274
4275
4276
4277
4278
4279
4281
4282
4287
4288
4291
4294
4295
4296
4297
4300
4301
4303
4311
4312
4313
4314
4317
4319
4320
4321
4322
4324
4325
4327
4328
4331
4334
4336
4341
4343
4345
4346
4347
4348
4349
4351
4352
4353
4354
4355
4357
4358
4359
4362
4363
4364
4365
4366
4369
4370
4371
4372
4373
4374
4375
4383
4384
4386
4388
4390
4392
4393
4394
4395
4397
4400
4403
4404
4409
4410
4411
4412
4413
4414
4418
4425
4430
4431
4432
4436
4440
4441
4449
4451
4460
4463
4464
4468
4469
4472
4473
4478
4479
4480
4482
4483
4484
4489
4493
4494
4495
4496
4497
4498
4501
4502
4504
4505
4507
4508
4511
4513
4514
4518
4519
4520
4521
4522
4523
4526
4528
4529
4530
4531
4532
4535
4537
4539
4540
4541
4542
4543
4544
4548
4549
4550
4552
4554
4557
4562
4566
4568
4570
4572
4576
4577
4579
4580
4581
4582
4583
4584
4586
4587
4588
4590
4591
4592
4593
4594
4595
4597
4599
4601
4602
4603
4607
4609
4610
4611
4614
4615
4616
4617
4618
4620
4621
4622
4623
4624
4625
4627
4629
4630
4631
4632
4633
4634
4636
4637
4638
4639
4640
4642
4649
4651
4652
4653
4655
4656
4657
4658
4660
4662
